a.i[0] = 5
a.i[1] = 1
i[0] = 4
i[1] = 2
i[2] = 1
u.f = 10.100000
d.e.f.y=2, pf=2
c.a->i[1]=2, c.a->f=1.123000
