a: 20
b: 30.000000
c: 123
d: abc
e.a: 100
e.b: 101
f.a: 1.100000
f.b: 1.200000
f.c: 1.300000
g.a: 3.140000
g.b: 1.234000
g.c: 1.000000
g.a: 2.220000
g.a: 3.330000
a: 20
ii1: 1
ii2: 2
ii3: 3
ii4: 4
ii5: 5
ii6: 6
ii7: 7
ii8: 8
dd1: 1.100000
dd2: 2.200000
dd3: 3.300000
dd4: 4.400000
dd5: 5.500000
dd6: 6.600000
dd7: 7.700000
dd8: 8.800000
b: 30.000000
c: 123
d: abc
e.a: 100
e.b: 101
f.a: 1.100000
f.b: 1.200000
f.c: 1.300000
g.a: 3.140000
g.b: 1.234000
g.c: 1.000000
g.a: 2.220000
g.a: 3.330000
