i = 11
f = 3.140000
a.i = 22
a0.d = 1.414000
